UNITS UM,1000;
EDIT proj;
ADD P0 :W0.000000  -1045.280,0.000 -1045.280,1000.000 1045.280,1000.000 1045.280,0.000;
ADD P0 :W0.000000  -1045.280,3090.560 -1045.280,1000.000 1045.280,1000.000 1045.280,3090.560;
ADD P0 :W0.000000  1045.280,8090.560 1045.280,3090.560 -1045.280,3090.560 -1045.280,8090.560;
ADD P0 :W0.000000  1045.280,3090.560 3045.280,3090.560 3045.280,1000.000 1045.280,1000.000;
ADD P0 :W0.000000  3545.280,1000.000 3045.280,1000.000 3045.280,3090.560 3545.280,3090.560;
ADD P0 :W0.000000  5045.280,1000.000 4545.280,1000.000 4545.280,3090.560 5045.280,3090.560;
ADD P0 :W0.000000  5045.280,3090.560 7045.280,3090.560 7045.280,1000.000 5045.280,1000.000;
ADD P0 :W0.000000  7045.280,1645.280 7445.280,1645.280 7445.280,2445.280 7045.280,2445.280;
ADD P0 :W0.000000  7245.280,2045.280 7244.519,2062.711 7242.242,2080.010 7238.465,2097.044 7233.219,2113.684 7226.542,2129.804 7218.485,2145.280 7209.110,2159.995 7198.489,2173.838 7186.701,2186.701 7173.838,2198.489 7159.995,2209.110 7145.280,2218.485 7129.804,2226.542 7113.684,2233.219 7097.044,2238.465 7080.010,2242.242 7062.711,2244.519 7045.280,2245.280 7027.849,2244.519 7010.550,2242.242 6993.516,2238.465 6976.876,2233.219 6960.756,2226.542 6945.280,2218.485 6930.565,2209.110 6916.722,2198.489 6903.859,2186.701 6892.071,2173.838 6881.450,2159.995 6872.075,2145.280 6864.018,2129.804 6857.341,2113.684 6852.095,2097.044 6848.318,2080.010 6846.041,2062.711 6845.280,2045.280 6846.041,2027.849 6848.318,2010.550 6852.095,1993.516 6857.341,1976.876 6864.018,1960.756 6872.075,1945.280 6881.450,1930.565 6892.071,1916.722 6903.859,1903.859 6916.722,1892.071 6930.565,1881.450 6945.280,1872.075 6960.756,1864.018 6976.876,1857.341 6993.516,1852.095 7010.550,1848.318 7027.849,1846.041 7045.280,1845.280 7062.711,1846.041 7080.010,1848.318 7097.044,1852.095 7113.684,1857.341 7129.804,1864.018 7145.280,1872.075 7159.995,1881.450 7173.838,1892.071 7186.701,1903.859 7198.489,1916.722 7209.110,1930.565 7218.485,1945.280 7226.542,1960.756 7233.219,1976.876 7238.465,1993.516 7242.242,2010.550 7244.519,2027.849 7245.280,2045.280;
ADD P0 :W0.000000  -1045.280,3090.560 -3045.280,3090.560 -3045.280,1000.000 -1045.280,1000.000;
ADD P0 :W0.000000  -3545.280,1000.000 -3045.280,1000.000 -3045.280,3090.560 -3545.280,3090.560;
ADD P0 :W0.000000  -5045.280,1000.000 -4545.280,1000.000 -4545.280,3090.560 -5045.280,3090.560;
ADD P0 :W0.000000  -5045.280,3090.560 -7045.280,3090.560 -7045.280,1000.000 -5045.280,1000.000;
ADD P0 :W0.000000  -7045.280,1645.280 -7445.280,1645.280 -7445.280,2445.280 -7045.280,2445.280;
ADD P0 :W0.000000  -7245.280,2045.280 -7244.519,2062.711 -7242.242,2080.010 -7238.465,2097.044 -7233.219,2113.684 -7226.542,2129.804 -7218.485,2145.280 -7209.110,2159.995 -7198.489,2173.838 -7186.701,2186.701 -7173.838,2198.489 -7159.995,2209.110 -7145.280,2218.485 -7129.804,2226.542 -7113.684,2233.219 -7097.044,2238.465 -7080.010,2242.242 -7062.711,2244.519 -7045.280,2245.280 -7027.849,2244.519 -7010.550,2242.242 -6993.516,2238.465 -6976.876,2233.219 -6960.756,2226.542 -6945.280,2218.485 -6930.565,2209.110 -6916.722,2198.489 -6903.859,2186.701 -6892.071,2173.838 -6881.450,2159.995 -6872.075,2145.280 -6864.018,2129.804 -6857.341,2113.684 -6852.095,2097.044 -6848.318,2080.010 -6846.041,2062.711 -6845.280,2045.280 -6846.041,2027.849 -6848.318,2010.550 -6852.095,1993.516 -6857.341,1976.876 -6864.018,1960.756 -6872.075,1945.280 -6881.450,1930.565 -6892.071,1916.722 -6903.859,1903.859 -6916.722,1892.071 -6930.565,1881.450 -6945.280,1872.075 -6960.756,1864.018 -6976.876,1857.341 -6993.516,1852.095 -7010.550,1848.318 -7027.849,1846.041 -7045.280,1845.280 -7062.711,1846.041 -7080.010,1848.318 -7097.044,1852.095 -7113.684,1857.341 -7129.804,1864.018 -7145.280,1872.075 -7159.995,1881.450 -7173.838,1892.071 -7186.701,1903.859 -7198.489,1916.722 -7209.110,1930.565 -7218.485,1945.280 -7226.542,1960.756 -7233.219,1976.876 -7238.465,1993.516 -7242.242,2010.550 -7244.519,2027.849 -7245.280,2045.280;
SAVE;
