UNITS UM,1000;
EDIT proj;
ADD P0 :W0.000000  1045.280,0.000 1045.280,1000.000 -1045.280,1000.000 -1045.280,0.000;
ADD P0 :W0.000000  -1045.280,1000.000 1045.280,1000.000 1045.280,3090.560 -1045.280,3090.560;
ADD P0 :W0.000000  1045.280,3090.560 1045.280,8090.560 -1045.280,8090.560 -1045.280,3090.560;
ADD P0 :W0.000000  1045.280,3090.560 2045.280,3090.560 2045.280,1000.000 1045.280,1000.000;
ADD P0 :W0.000000  2545.280,1000.000 2045.280,1000.000 2045.280,3090.560 2545.280,3090.560;
ADD P0 :W0.000000  4045.280,1000.000 3545.280,1000.000 3545.280,3090.560 4045.280,3090.560;
ADD P0 :W0.000000  4045.280,3090.560 6045.280,3090.560 6045.280,1000.000 4045.280,1000.000;
ADD P0 :W0.000000  6045.280,1645.280 6445.280,1645.280 6445.280,2445.280 6045.280,2445.280;
ADD P0 :W0.000000  6245.280,2045.280 6244.519,2062.711 6242.242,2080.010 6238.465,2097.044 6233.219,2113.684 6226.542,2129.804 6218.485,2145.280 6209.110,2159.995 6198.489,2173.838 6186.701,2186.701 6173.838,2198.489 6159.995,2209.110 6145.280,2218.485 6129.804,2226.542 6113.684,2233.219 6097.044,2238.465 6080.010,2242.242 6062.711,2244.519 6045.280,2245.280 6027.849,2244.519 6010.550,2242.242 5993.516,2238.465 5976.876,2233.219 5960.756,2226.542 5945.280,2218.485 5930.565,2209.110 5916.722,2198.489 5903.859,2186.701 5892.071,2173.838 5881.450,2159.995 5872.075,2145.280 5864.018,2129.804 5857.341,2113.684 5852.095,2097.044 5848.318,2080.010 5846.041,2062.711 5845.280,2045.280 5846.041,2027.849 5848.318,2010.550 5852.095,1993.516 5857.341,1976.876 5864.018,1960.756 5872.075,1945.280 5881.450,1930.565 5892.071,1916.722 5903.859,1903.859 5916.722,1892.071 5930.565,1881.450 5945.280,1872.075 5960.756,1864.018 5976.876,1857.341 5993.516,1852.095 6010.550,1848.318 6027.849,1846.041 6045.280,1845.280 6062.711,1846.041 6080.010,1848.318 6097.044,1852.095 6113.684,1857.341 6129.804,1864.018 6145.280,1872.075 6159.995,1881.450 6173.838,1892.071 6186.701,1903.859 6198.489,1916.722 6209.110,1930.565 6218.485,1945.280 6226.542,1960.756 6233.219,1976.876 6238.465,1993.516 6242.242,2010.550 6244.519,2027.849 6245.280,2045.280;
ADD P0 :W0.000000  -1045.280,3090.560 -3045.280,3090.560 -3045.280,1000.000 -1045.280,1000.000;
ADD P0 :W0.000000  -3045.280,1000.000 -3545.280,1000.000 -3545.280,3090.560 -3045.280,3090.560;
ADD P0 :W0.000000  -4545.280,1000.000 -5045.280,1000.000 -5045.280,3090.560 -4545.280,3090.560;
ADD P0 :W0.000000  -5045.280,3090.560 -7045.280,3090.560 -7045.280,1000.000 -5045.280,1000.000;
ADD P0 :W0.000000  -7045.280,2445.280 -7445.280,2445.280 -7445.280,1645.280 -7045.280,1645.280;
ADD P0 :W0.000000  -7245.280,2045.280 -7244.519,2027.849 -7242.242,2010.550 -7238.465,1993.516 -7233.219,1976.876 -7226.542,1960.756 -7218.485,1945.280 -7209.110,1930.565 -7198.489,1916.722 -7186.701,1903.859 -7173.838,1892.071 -7159.995,1881.450 -7145.280,1872.075 -7129.804,1864.018 -7113.684,1857.341 -7097.044,1852.095 -7080.010,1848.318 -7062.711,1846.041 -7045.280,1845.280 -7027.849,1846.041 -7010.550,1848.318 -6993.516,1852.095 -6976.876,1857.341 -6960.756,1864.018 -6945.280,1872.075 -6930.565,1881.450 -6916.722,1892.071 -6903.859,1903.859 -6892.071,1916.722 -6881.450,1930.565 -6872.075,1945.280 -6864.018,1960.756 -6857.341,1976.876 -6852.095,1993.516 -6848.318,2010.550 -6846.041,2027.849 -6845.280,2045.280 -6846.041,2062.711 -6848.318,2080.010 -6852.095,2097.044 -6857.341,2113.684 -6864.018,2129.804 -6872.075,2145.280 -6881.450,2159.995 -6892.071,2173.838 -6903.859,2186.701 -6916.722,2198.489 -6930.565,2209.110 -6945.280,2218.485 -6960.756,2226.542 -6976.876,2233.219 -6993.516,2238.465 -7010.550,2242.242 -7027.849,2244.519 -7045.280,2245.280 -7062.711,2244.519 -7080.010,2242.242 -7097.044,2238.465 -7113.684,2233.219 -7129.804,2226.542 -7145.280,2218.485 -7159.995,2209.110 -7173.838,2198.489 -7186.701,2186.701 -7198.489,2173.838 -7209.110,2159.995 -7218.485,2145.280 -7226.542,2129.804 -7233.219,2113.684 -7238.465,2097.044 -7242.242,2080.010 -7244.519,2062.711 -7245.280,2045.280;
SAVE;
