UNITS UM,1000;
EDIT proj;
ADD P0 :W0.000000  0.000,1900.000 10450.000,1900.000 10450.000,1700.000 250.000,1700.000 250.000,1100.000 10450.000,1100.000 10450.000,900.000 250.000,900.000 250.000,300.000 10450.000,300.000 10450.000,100.000 250.000,100.000 250.000,-500.000 10450.000,-500.000 10450.000,-700.000 250.000,-700.000 250.000,-1300.000 10450.000,-1300.000 10450.000,-1500.000 250.000,-1500.000 250.000,-1900.000 0.000,-1900.000;
ADD P0 :W0.000000  10900.000,-1900.000 450.000,-1900.000 450.000,-1700.000 10650.000,-1700.000 10650.000,-1100.000 450.000,-1100.000 450.000,-900.000 10650.000,-900.000 10650.000,-300.000 450.000,-300.000 450.000,-100.000 10650.000,-100.000 10650.000,500.000 450.000,500.000 450.000,700.000 10650.000,700.000 10650.000,1300.000 450.000,1300.000 450.000,1500.000 10650.000,1500.000 10650.000,1900.000 10900.000,1900.000;
ADD P0 :W0.000000  10900.000,-500.000 12900.000,-500.000 12900.000,500.000 10900.000,500.000;
ADD P0 :W0.000000  12900.000,4999.975 14900.000,4999.975 14900.000,-4999.975 12900.000,-4999.975;
ADD P0 :W0.000000  15100.139,-181.666 15100.139,4999.975 14900.000,4999.975 14900.000,-4999.975 15000.069,-4999.975 15000.069,-181.666;
ADD P0 :W0.000000  15100.139,181.666 20100.139,181.666 20100.139,-181.666 15100.139,-181.666;
ADD P0 :W0.000000  20100.139,-500.000 20600.139,-500.000 20600.139,500.000 20100.139,500.000;
ADD P0 :W0.000000  25300.139,-500.000 25800.139,-500.000 25800.139,500.000 25300.139,500.000;
ADD P0 :W0.000000  25800.139,-1045.000 30800.139,-1045.000 30800.139,1045.000 25800.139,1045.000;
ADD P0 :W0.000000  30800.139,-1116.800 31000.260,-1116.800 31000.260,1116.800 30800.139,1116.800;
ADD P0 :W0.000000  31000.260,-1045.000 33000.260,-1045.000 33000.260,1045.000 31000.260,1045.000;
ADD P0 :W0.000000  34379.100,-243.399 34379.100,1045.000 33000.260,1045.000 33000.260,-1045.000 33689.680,-1045.000 33689.680,-243.399;
ADD P0 :W0.000000  34379.100,-243.398 34579.101,-243.398 34579.101,243.399 34379.100,243.399;
ADD P0 :W0.000000  42960.751,443.399 34579.101,443.399 34579.101,930.196 42960.751,930.196;
ADD P0 :W0.000000  42960.751,-243.398 34579.101,-243.398 34579.101,243.399 42960.751,243.399;
ADD P0 :W0.000000  42960.751,443.399 43960.643,443.399 43960.643,930.196 42960.751,930.196;
ADD P0 :W0.000000  43960.643,443.399 45160.033,443.399 45160.033,930.196 43960.643,930.196;
ADD P0 :W0.000000  45160.033,930.196 45160.033,443.399 45618.366,443.399 45618.366,930.196;
ADD P0 :W0.000000  45618.366,930.196 45618.366,3465.416 45160.033,3465.416 45160.033,930.196;
ADD P0 :W0.000000  45289.200,443.398 45289.200,-2903.852 45489.200,-2903.852 45489.200,443.398;
ADD P0 :W0.000000  45618.366,443.399 45855.848,443.399 45855.848,930.196 45618.366,930.196;
ADD P0 :W0.000000  49855.848,1731.797 45855.848,1731.797 45855.848,-358.203 49855.848,-358.203;
ADD P0 :W0.000000  33000.260,11042.450 33000.260,1045.000 34379.100,1045.000 34379.100,11042.450;
ADD P0 :W0.000000  32644.400,11542.450 32644.400,11042.450 34734.960,11042.450 34734.960,11542.450;
ADD P0 :W0.000000  32644.400,11542.450 34734.960,11542.450 34734.960,13633.010 32644.400,13633.010;
ADD P0 :W0.000000  32644.400,13633.010 32644.400,18633.010 34734.960,18633.010 34734.960,13633.010;
ADD P0 :W0.000000  34734.960,13633.010 35734.960,13633.010 35734.960,11542.450 34734.960,11542.450;
ADD P0 :W0.000000  36234.960,11542.450 35734.960,11542.450 35734.960,13633.010 36234.960,13633.010;
ADD P0 :W0.000000  37734.960,11542.450 37234.960,11542.450 37234.960,13633.010 37734.960,13633.010;
ADD P0 :W0.000000  37734.960,13633.010 39734.960,13633.010 39734.960,11542.450 37734.960,11542.450;
ADD P0 :W0.000000  39734.960,12187.730 40134.960,12187.730 40134.960,12987.730 39734.960,12987.730;
ADD P0 :W0.000000  39934.960,12587.730 39934.199,12605.161 39931.922,12622.460 39928.145,12639.494 39922.899,12656.134 39916.222,12672.254 39908.165,12687.730 39898.790,12702.445 39888.169,12716.288 39876.381,12729.151 39863.518,12740.939 39849.675,12751.560 39834.960,12760.935 39819.484,12768.992 39803.364,12775.669 39786.724,12780.915 39769.690,12784.692 39752.391,12786.969 39734.960,12787.730 39717.529,12786.969 39700.230,12784.692 39683.196,12780.915 39666.556,12775.669 39650.436,12768.992 39634.960,12760.935 39620.245,12751.560 39606.402,12740.939 39593.539,12729.151 39581.751,12716.288 39571.130,12702.445 39561.755,12687.730 39553.698,12672.254 39547.021,12656.134 39541.775,12639.494 39537.998,12622.460 39535.721,12605.161 39534.960,12587.730 39535.721,12570.299 39537.998,12553.000 39541.775,12535.966 39547.021,12519.326 39553.698,12503.206 39561.755,12487.730 39571.130,12473.015 39581.751,12459.172 39593.539,12446.309 39606.402,12434.521 39620.245,12423.900 39634.960,12414.525 39650.436,12406.468 39666.556,12399.791 39683.196,12394.545 39700.230,12390.768 39717.529,12388.491 39734.960,12387.730 39752.391,12388.491 39769.690,12390.768 39786.724,12394.545 39803.364,12399.791 39819.484,12406.468 39834.960,12414.525 39849.675,12423.900 39863.518,12434.521 39876.381,12446.309 39888.169,12459.172 39898.790,12473.015 39908.165,12487.730 39916.222,12503.206 39922.899,12519.326 39928.145,12535.966 39931.922,12553.000 39934.199,12570.299 39934.960,12587.730;
ADD P0 :W0.000000  32644.400,13633.010 30644.400,13633.010 30644.400,11542.450 32644.400,11542.450;
ADD P0 :W0.000000  29144.400,11542.450 28644.400,11542.450 28644.400,13633.010 29144.400,13633.010;
ADD P0 :W0.000000  30644.400,11542.450 30144.400,11542.450 30144.400,13633.010 30644.400,13633.010;
ADD P0 :W0.000000  28644.400,13633.010 26644.400,13633.010 26644.400,11542.450 28644.400,11542.450;
ADD P0 :W0.000000  14900.000,15753.475 14900.000,4999.975 15100.139,4999.975 15100.139,15753.475;
ADD P0 :W0.000000  16045.069,16253.475 16045.069,15753.475 13955.069,15753.475 13955.069,16253.475;
ADD P0 :W0.000000  17090.069,16753.475 17090.069,16253.475 12910.069,16253.475 12910.069,16753.475;
ADD P0 :W0.000000  17090.069,18253.475 17090.069,17753.475 12910.069,17753.475 12910.069,18253.475;
ADD P0 :W0.000000  16045.349,18253.475 16045.349,19253.475 13954.789,19253.475 13954.789,18253.475;
ADD P0 :W0.000000  13954.789,19253.475 16045.349,19253.475 16045.349,21344.035 13954.789,21344.035;
ADD P0 :W0.000000  16045.349,21344.035 16045.349,26344.035 13954.789,26344.035 13954.789,21344.035;
ADD P0 :W0.000000  16045.349,21344.035 17045.349,21344.035 17045.349,19253.475 16045.349,19253.475;
ADD P0 :W0.000000  17545.349,19253.475 17045.349,19253.475 17045.349,21344.035 17545.349,21344.035;
ADD P0 :W0.000000  19045.349,19253.475 18545.349,19253.475 18545.349,21344.035 19045.349,21344.035;
ADD P0 :W0.000000  19045.349,21344.035 21045.349,21344.035 21045.349,19253.475 19045.349,19253.475;
ADD P0 :W0.000000  13954.789,21344.035 11954.789,21344.035 11954.789,19253.475 13954.789,19253.475;
ADD P0 :W0.000000  11954.789,19253.475 11454.789,19253.475 11454.789,21344.035 11954.789,21344.035;
ADD P0 :W0.000000  10454.789,19253.475 9954.789,19253.475 9954.789,21344.035 10454.789,21344.035;
ADD P0 :W0.000000  9954.789,21344.035 7954.789,21344.035 7954.789,19253.475 9954.789,19253.475;
ADD P0 :W0.000000  7954.789,20698.755 7554.789,20698.755 7554.789,19898.755 7954.789,19898.755;
ADD P0 :W0.000000  7754.789,20298.755 7755.550,20281.324 7757.827,20264.025 7761.604,20246.991 7766.850,20230.351 7773.527,20214.231 7781.584,20198.755 7790.959,20184.040 7801.580,20170.197 7813.368,20157.334 7826.231,20145.546 7840.074,20134.925 7854.789,20125.550 7870.265,20117.493 7886.385,20110.816 7903.025,20105.570 7920.059,20101.793 7937.358,20099.516 7954.789,20098.755 7972.220,20099.516 7989.519,20101.793 8006.553,20105.570 8023.193,20110.816 8039.313,20117.493 8054.789,20125.550 8069.504,20134.925 8083.347,20145.546 8096.210,20157.334 8107.998,20170.197 8118.619,20184.040 8127.994,20198.755 8136.051,20214.231 8142.728,20230.351 8147.974,20246.991 8151.751,20264.025 8154.028,20281.324 8154.789,20298.755 8154.028,20316.186 8151.751,20333.485 8147.974,20350.519 8142.728,20367.159 8136.051,20383.279 8127.994,20398.755 8118.619,20413.470 8107.998,20427.313 8096.210,20440.176 8083.347,20451.964 8069.504,20462.585 8054.789,20471.960 8039.313,20480.017 8023.193,20486.694 8006.553,20491.940 7989.519,20495.717 7972.220,20497.994 7954.789,20498.755 7937.358,20497.994 7920.059,20495.717 7903.025,20491.940 7886.385,20486.694 7870.265,20480.017 7854.789,20471.960 7840.074,20462.585 7826.231,20451.964 7813.368,20440.176 7801.580,20427.313 7790.959,20413.470 7781.584,20398.755 7773.527,20383.279 7766.850,20367.159 7761.604,20350.519 7757.827,20333.485 7755.550,20316.186 7754.789,20298.755;
ADD P0 :W0.000000  21045.349,19898.755 21445.349,19898.755 21445.349,20698.755 21045.349,20698.755;
ADD P0 :W0.000000  21245.349,20298.755 21244.588,20316.186 21242.311,20333.485 21238.534,20350.519 21233.288,20367.159 21226.611,20383.279 21218.554,20398.755 21209.179,20413.470 21198.558,20427.313 21186.770,20440.176 21173.907,20451.964 21160.064,20462.585 21145.349,20471.960 21129.873,20480.017 21113.753,20486.694 21097.113,20491.940 21080.079,20495.717 21062.780,20497.994 21045.349,20498.755 21027.918,20497.994 21010.619,20495.717 20993.585,20491.940 20976.945,20486.694 20960.825,20480.017 20945.349,20471.960 20930.634,20462.585 20916.791,20451.964 20903.928,20440.176 20892.140,20427.313 20881.519,20413.470 20872.144,20398.755 20864.087,20383.279 20857.410,20367.159 20852.164,20350.519 20848.387,20333.485 20846.110,20316.186 20845.349,20298.755 20846.110,20281.324 20848.387,20264.025 20852.164,20246.991 20857.410,20230.351 20864.087,20214.231 20872.144,20198.755 20881.519,20184.040 20892.140,20170.197 20903.928,20157.334 20916.791,20145.546 20930.634,20134.925 20945.349,20125.550 20960.825,20117.493 20976.945,20110.816 20993.585,20105.570 21010.619,20101.793 21027.918,20099.516 21045.349,20098.755 21062.780,20099.516 21080.079,20101.793 21097.113,20105.570 21113.753,20110.816 21129.873,20117.493 21145.349,20125.550 21160.064,20134.925 21173.907,20145.546 21186.770,20157.334 21198.558,20170.197 21209.179,20184.040 21218.554,20198.755 21226.611,20214.231 21233.288,20230.351 21238.534,20246.991 21242.311,20264.025 21244.588,20281.324 21245.349,20298.755;
ADD P0 :W0.000000  -2000.000,-500.000 0.000,-500.000 0.000,500.000 -2000.000,500.000;
ADD P0 :W0.000000  -4000.000,2500.000 -2000.000,2500.000 -2000.000,-2500.000 -4000.000,-2500.000;
ADD P0 :W0.000000  -4000.000,-2500.000 -4000.000,2500.000 -4200.530,2500.000 -4200.530,-729.975 -4100.265,-729.975 -4100.265,-2500.000;
ADD P0 :W0.000000  -9200.530,729.975 -4200.530,729.975 -4200.530,-729.975 -9200.530,-729.975;
ADD P0 :W0.000000  -4200.530,13253.500 -4200.530,2500.000 -4000.000,2500.000 -4000.000,13253.500;
ADD P0 :W0.000000  -9700.530,-500.000 -9200.530,-500.000 -9200.530,500.000 -9700.530,500.000;
ADD P0 :W0.000000  -14900.530,-500.000 -14400.530,-500.000 -14400.530,500.000 -14900.530,500.000;
ADD P0 :W0.000000  -18900.530,-416.823 -14900.530,-416.823 -14900.530,416.823 -18900.530,416.823;
ADD P0 :W0.000000  -19100.538,-1698.120 -18900.530,-1698.120 -18900.530,1698.120 -19100.538,1698.120;
ADD P0 :W0.000000  -19100.538,-1698.120 -19100.538,4798.870 -19887.890,4798.870 -19887.890,-4798.870 -19494.214,-4798.870 -19494.214,-1698.120;
ADD P0 :W0.000000  -27703.090,-4798.870 -19887.890,-4798.870 -19887.890,4798.870 -27703.090,4798.870;
ADD P0 :W0.000000  -27903.242,-982.890 -27703.090,-982.890 -27703.090,982.890 -27903.242,982.890;
ADD P0 :W0.000000  -37990.042,1193.048 -27903.242,1193.048 -27903.242,3158.828 -37990.042,3158.828;
ADD P0 :W0.000000  -37990.042,-982.890 -27903.242,-982.890 -27903.242,982.890 -37990.042,982.890;
ADD P0 :W0.000000  -40337.312,1193.048 -37990.042,1193.048 -37990.042,3158.828 -40337.312,3158.828;
ADD P0 :W0.000000  -42835.712,-2808.902 -40337.312,-2808.902 -40337.312,7160.778 -42835.712,7160.778;
ADD P0 :W0.000000  -49835.712,1130.938 -42835.712,1130.938 -42835.712,3220.938 -49835.712,3220.938;
ADD P0 :W0.000000  -5145.265,13753.500 -5145.265,13253.500 -3055.265,13253.500 -3055.265,13753.500;
ADD P0 :W0.000000  -2010.265,14253.500 -2010.265,13753.500 -6190.265,13753.500 -6190.265,14253.500;
ADD P0 :W0.000000  -2010.265,15753.500 -2010.265,15253.500 -6190.265,15253.500 -6190.265,15753.500;
ADD P0 :W0.000000  -5145.545,15753.500 -5145.545,16753.500 -3054.985,16753.500 -3054.985,15753.500;
ADD P0 :W0.000000  -5145.545,18844.060 -5145.545,16753.500 -3054.985,16753.500 -3054.985,18844.060;
ADD P0 :W0.000000  -3054.985,18844.060 -1054.985,18844.060 -1054.985,16753.500 -3054.985,16753.500;
ADD P0 :W0.000000  -554.985,15708.780 -1054.985,15708.780 -1054.985,19888.780 -554.985,19888.780;
ADD P0 :W0.000000  945.015,15708.780 445.015,15708.780 445.015,19888.780 945.015,19888.780;
ADD P0 :W0.000000  945.015,18844.060 2945.015,18844.060 2945.015,16753.500 945.015,16753.500;
ADD P0 :W0.000000  2945.015,17398.780 3345.015,17398.780 3345.015,18198.780 2945.015,18198.780;
ADD P0 :W0.000000  3145.015,17798.780 3144.254,17816.211 3141.977,17833.510 3138.200,17850.544 3132.954,17867.184 3126.277,17883.304 3118.220,17898.780 3108.845,17913.495 3098.224,17927.338 3086.436,17940.201 3073.573,17951.989 3059.730,17962.610 3045.015,17971.985 3029.539,17980.042 3013.419,17986.719 2996.779,17991.965 2979.745,17995.742 2962.446,17998.019 2945.015,17998.780 2927.584,17998.019 2910.285,17995.742 2893.251,17991.965 2876.611,17986.719 2860.491,17980.042 2845.015,17971.985 2830.300,17962.610 2816.457,17951.989 2803.594,17940.201 2791.806,17927.338 2781.185,17913.495 2771.810,17898.780 2763.753,17883.304 2757.076,17867.184 2751.830,17850.544 2748.053,17833.510 2745.776,17816.211 2745.015,17798.780 2745.776,17781.349 2748.053,17764.050 2751.830,17747.016 2757.076,17730.376 2763.753,17714.256 2771.810,17698.780 2781.185,17684.065 2791.806,17670.222 2803.594,17657.359 2816.457,17645.571 2830.300,17634.950 2845.015,17625.575 2860.491,17617.518 2876.611,17610.841 2893.251,17605.595 2910.285,17601.818 2927.584,17599.541 2945.015,17598.780 2962.446,17599.541 2979.745,17601.818 2996.779,17605.595 3013.419,17610.841 3029.539,17617.518 3045.015,17625.575 3059.730,17634.950 3073.573,17645.571 3086.436,17657.359 3098.224,17670.222 3108.845,17684.065 3118.220,17698.780 3126.277,17714.256 3132.954,17730.376 3138.200,17747.016 3141.977,17764.050 3144.254,17781.349 3145.015,17798.780;
ADD P0 :W0.000000  -3054.985,23844.060 -3054.985,18844.060 -5145.545,18844.060 -5145.545,23844.060;
ADD P0 :W0.000000  -7645.545,15708.780 -7145.545,15708.780 -7145.545,19888.780 -7645.545,19888.780;
ADD P0 :W0.000000  -5145.545,18844.060 -7145.545,18844.060 -7145.545,16753.500 -5145.545,16753.500;
ADD P0 :W0.000000  -9145.545,15708.780 -8645.545,15708.780 -8645.545,19888.780 -9145.545,19888.780;
ADD P0 :W0.000000  -9145.545,18844.060 -11145.545,18844.060 -11145.545,16753.500 -9145.545,16753.500;
ADD P0 :W0.000000  -11145.545,17398.780 -11545.545,17398.780 -11545.545,18198.780 -11145.545,18198.780;
ADD P0 :W0.000000  -11345.545,17798.780 -11344.784,17816.211 -11342.507,17833.510 -11338.730,17850.544 -11333.484,17867.184 -11326.807,17883.304 -11318.750,17898.780 -11309.375,17913.495 -11298.754,17927.338 -11286.966,17940.201 -11274.103,17951.989 -11260.260,17962.610 -11245.545,17971.985 -11230.069,17980.042 -11213.949,17986.719 -11197.309,17991.965 -11180.275,17995.742 -11162.976,17998.019 -11145.545,17998.780 -11128.114,17998.019 -11110.815,17995.742 -11093.781,17991.965 -11077.141,17986.719 -11061.021,17980.042 -11045.545,17971.985 -11030.830,17962.610 -11016.987,17951.989 -11004.124,17940.201 -10992.336,17927.338 -10981.715,17913.495 -10972.340,17898.780 -10964.283,17883.304 -10957.606,17867.184 -10952.360,17850.544 -10948.583,17833.510 -10946.306,17816.211 -10945.545,17798.780 -10946.306,17781.349 -10948.583,17764.050 -10952.360,17747.016 -10957.606,17730.376 -10964.283,17714.256 -10972.340,17698.780 -10981.715,17684.065 -10992.336,17670.222 -11004.124,17657.359 -11016.987,17645.571 -11030.830,17634.950 -11045.545,17625.575 -11061.021,17617.518 -11077.141,17610.841 -11093.781,17605.595 -11110.815,17601.818 -11128.114,17599.541 -11145.545,17598.780 -11162.976,17599.541 -11180.275,17601.818 -11197.309,17605.595 -11213.949,17610.841 -11230.069,17617.518 -11245.545,17625.575 -11260.260,17634.950 -11274.103,17645.571 -11286.966,17657.359 -11298.754,17670.222 -11309.375,17684.065 -11318.750,17698.780 -11326.807,17714.256 -11333.484,17730.376 -11338.730,17747.016 -11342.507,17764.050 -11344.784,17781.349 -11345.545,17798.780;
ADD P0 :W0.000000  -19100.538,4798.870 -19100.538,14503.190 -19887.890,14503.190 -19887.890,4798.870;
ADD P0 :W0.000000  -18448.934,24491.010 -20539.494,24491.010 -20539.494,14503.190 -19100.538,14503.190 -19100.538,19497.100 -18448.934,19497.100;
ADD P0 :W0.000000  -20539.494,21946.970 -30527.314,21946.970 -30527.314,17047.230 -20539.494,17047.230;
ADD P0 :W0.000000  -20539.494,24991.010 -20539.494,24491.010 -18448.934,24491.010 -18448.934,24991.010;
ADD P0 :W0.000000  -20539.494,24991.010 -18448.934,24991.010 -18448.934,27081.570 -20539.494,27081.570;
ADD P0 :W0.000000  -18448.934,27081.570 -17448.934,27081.570 -17448.934,24991.010 -18448.934,24991.010;
ADD P0 :W0.000000  -16948.934,24991.010 -17448.934,24991.010 -17448.934,27081.570 -16948.934,27081.570;
ADD P0 :W0.000000  -15448.934,24991.010 -15948.934,24991.010 -15948.934,27081.570 -15448.934,27081.570;
ADD P0 :W0.000000  -15448.934,27081.570 -13448.934,27081.570 -13448.934,24991.010 -15448.934,24991.010;
ADD P0 :W0.000000  -13448.934,25636.290 -13048.934,25636.290 -13048.934,26436.290 -13448.934,26436.290;
ADD P0 :W0.000000  -13248.934,26036.290 -13249.695,26053.721 -13251.972,26071.020 -13255.749,26088.054 -13260.995,26104.694 -13267.672,26120.814 -13275.729,26136.290 -13285.104,26151.005 -13295.725,26164.848 -13307.513,26177.711 -13320.376,26189.499 -13334.219,26200.120 -13348.934,26209.495 -13364.410,26217.552 -13380.530,26224.229 -13397.170,26229.475 -13414.204,26233.252 -13431.503,26235.529 -13448.934,26236.290 -13466.365,26235.529 -13483.664,26233.252 -13500.698,26229.475 -13517.338,26224.229 -13533.458,26217.552 -13548.934,26209.495 -13563.649,26200.120 -13577.492,26189.499 -13590.355,26177.711 -13602.143,26164.848 -13612.764,26151.005 -13622.139,26136.290 -13630.196,26120.814 -13636.873,26104.694 -13642.119,26088.054 -13645.896,26071.020 -13648.173,26053.721 -13648.934,26036.290 -13648.173,26018.859 -13645.896,26001.560 -13642.119,25984.526 -13636.873,25967.886 -13630.196,25951.766 -13622.139,25936.290 -13612.764,25921.575 -13602.143,25907.732 -13590.355,25894.869 -13577.492,25883.081 -13563.649,25872.460 -13548.934,25863.085 -13533.458,25855.028 -13517.338,25848.351 -13500.698,25843.105 -13483.664,25839.328 -13466.365,25837.051 -13448.934,25836.290 -13431.503,25837.051 -13414.204,25839.328 -13397.170,25843.105 -13380.530,25848.351 -13364.410,25855.028 -13348.934,25863.085 -13334.219,25872.460 -13320.376,25883.081 -13307.513,25894.869 -13295.725,25907.732 -13285.104,25921.575 -13275.729,25936.290 -13267.672,25951.766 -13260.995,25967.886 -13255.749,25984.526 -13251.972,26001.560 -13249.695,26018.859 -13248.934,26036.290;
ADD P0 :W0.000000  -18448.934,37081.230 -18448.934,27081.570 -20539.494,27081.570 -20539.494,37081.230;
ADD P0 :W0.000000  -20539.494,27081.570 -22539.494,27081.570 -22539.494,24991.010 -20539.494,24991.010;
ADD P0 :W0.000000  -22539.494,24991.010 -23039.494,24991.010 -23039.494,27081.570 -22539.494,27081.570;
ADD P0 :W0.000000  -24039.494,24991.010 -24539.494,24991.010 -24539.494,27081.570 -24039.494,27081.570;
ADD P0 :W0.000000  -24539.494,27081.570 -26539.494,27081.570 -26539.494,24991.010 -24539.494,24991.010;
ADD P0 :W0.000000  -26539.494,26436.290 -26939.494,26436.290 -26939.494,25636.290 -26539.494,25636.290;
ADD P0 :W0.000000  -26739.494,26036.290 -26738.733,26018.859 -26736.456,26001.560 -26732.679,25984.526 -26727.433,25967.886 -26720.756,25951.766 -26712.699,25936.290 -26703.324,25921.575 -26692.703,25907.732 -26680.915,25894.869 -26668.052,25883.081 -26654.209,25872.460 -26639.494,25863.085 -26624.018,25855.028 -26607.898,25848.351 -26591.258,25843.105 -26574.224,25839.328 -26556.925,25837.051 -26539.494,25836.290 -26522.063,25837.051 -26504.764,25839.328 -26487.730,25843.105 -26471.090,25848.351 -26454.970,25855.028 -26439.494,25863.085 -26424.779,25872.460 -26410.936,25883.081 -26398.073,25894.869 -26386.285,25907.732 -26375.664,25921.575 -26366.289,25936.290 -26358.232,25951.766 -26351.555,25967.886 -26346.309,25984.526 -26342.532,26001.560 -26340.255,26018.859 -26339.494,26036.290 -26340.255,26053.721 -26342.532,26071.020 -26346.309,26088.054 -26351.555,26104.694 -26358.232,26120.814 -26366.289,26136.290 -26375.664,26151.005 -26386.285,26164.848 -26398.073,26177.711 -26410.936,26189.499 -26424.779,26200.120 -26439.494,26209.495 -26454.970,26217.552 -26471.090,26224.229 -26487.730,26229.475 -26504.764,26233.252 -26522.063,26235.529 -26539.494,26236.290 -26556.925,26235.529 -26574.224,26233.252 -26591.258,26229.475 -26607.898,26224.229 -26624.018,26217.552 -26639.494,26209.495 -26654.209,26200.120 -26668.052,26189.499 -26680.915,26177.711 -26692.703,26164.848 -26703.324,26151.005 -26712.699,26136.290 -26720.756,26120.814 -26727.433,26104.694 -26732.679,26088.054 -26736.456,26071.020 -26738.733,26053.721 -26739.494,26036.290;
ADD P0 :W0.000000  26644.400,12987.730 26244.400,12987.730 26244.400,12187.730 26644.400,12187.730;
ADD P0 :W0.000000  26444.400,12587.730 26445.161,12570.299 26447.438,12553.000 26451.215,12535.966 26456.461,12519.326 26463.138,12503.206 26471.195,12487.730 26480.570,12473.015 26491.191,12459.172 26502.979,12446.309 26515.842,12434.521 26529.685,12423.900 26544.400,12414.525 26559.876,12406.468 26575.996,12399.791 26592.636,12394.545 26609.670,12390.768 26626.969,12388.491 26644.400,12387.730 26661.831,12388.491 26679.130,12390.768 26696.164,12394.545 26712.804,12399.791 26728.924,12406.468 26744.400,12414.525 26759.115,12423.900 26772.958,12434.521 26785.821,12446.309 26797.609,12459.172 26808.230,12473.015 26817.605,12487.730 26825.662,12503.206 26832.339,12519.326 26837.585,12535.966 26841.362,12553.000 26843.639,12570.299 26844.400,12587.730 26843.639,12605.161 26841.362,12622.460 26837.585,12639.494 26832.339,12656.134 26825.662,12672.254 26817.605,12687.730 26808.230,12702.445 26797.609,12716.288 26785.821,12729.151 26772.958,12740.939 26759.115,12751.560 26744.400,12760.935 26728.924,12768.992 26712.804,12775.669 26696.164,12780.915 26679.130,12784.692 26661.831,12786.969 26644.400,12787.730 26626.969,12786.969 26609.670,12784.692 26592.636,12780.915 26575.996,12775.669 26559.876,12768.992 26544.400,12760.935 26529.685,12751.560 26515.842,12740.939 26502.979,12729.151 26491.191,12716.288 26480.570,12702.445 26471.195,12687.730 26463.138,12672.254 26456.461,12656.134 26451.215,12639.494 26447.438,12622.460 26445.161,12605.161 26444.400,12587.730;
SAVE;
