UNITS UM,1000;
EDIT proj;
ADD P1 :W0.000000  2160.000,-2905.000 2560.000,-2905.000 2560.000,-2505.000 2160.000,-2505.000;
ADD P1 :W0.000000  3210.000,-2905.000 3610.000,-2905.000 3610.000,-2505.000 3210.000,-2505.000;
ADD P1 :W0.000000  1110.000,-2905.000 1510.000,-2905.000 1510.000,-2505.000 1110.000,-2505.000;
ADD P1 :W0.000000  1110.000,2505.000 1510.000,2505.000 1510.000,2905.000 1110.000,2905.000;
ADD P1 :W0.000000  2160.000,2505.000 2560.000,2505.000 2560.000,2905.000 2160.000,2905.000;
ADD P1 :W0.000000  1110.000,-3705.000 1510.000,-3705.000 1510.000,-3305.000 1110.000,-3305.000;
ADD P1 :W0.000000  3210.000,-3705.000 3610.000,-3705.000 3610.000,-3305.000 3210.000,-3305.000;
ADD P1 :W0.000000  3210.000,3305.000 3610.000,3305.000 3610.000,3705.000 3210.000,3705.000;
ADD P1 :W0.000000  2160.000,-3705.000 2560.000,-3705.000 2560.000,-3305.000 2160.000,-3305.000;
ADD P1 :W0.000000  3210.000,2505.000 3610.000,2505.000 3610.000,2905.000 3210.000,2905.000;
ADD P1 :W0.000000  2160.000,3305.000 2560.000,3305.000 2560.000,3705.000 2160.000,3705.000;
ADD P1 :W0.000000  3210.000,1705.000 3610.000,1705.000 3610.000,2105.000 3210.000,2105.000;
ADD P1 :W0.000000  1110.000,1705.000 1510.000,1705.000 1510.000,2105.000 1110.000,2105.000;
ADD P1 :W0.000000  1110.000,-1705.000 1510.000,-1705.000 1510.000,-2105.000 1110.000,-2105.000;
ADD P1 :W0.000000  3210.000,-1705.000 3610.000,-1705.000 3610.000,-2105.000 3210.000,-2105.000;
ADD P1 :W0.000000  1110.000,3305.000 1510.000,3305.000 1510.000,3705.000 1110.000,3705.000;
ADD P1 :W0.000000  610.000,1205.000 4110.000,1205.000 4110.000,4205.000 610.000,4205.000;
ADD P1 :W0.000000  3560.000,500.000 4720.000,500.000 4720.000,-500.000 3560.000,-500.000;
ADD P1 :W0.000000  0.000,500.000 1160.000,500.000 1160.000,-500.000 0.000,-500.000;
ADD P1 :W0.000000  610.000,-4205.000 4110.000,-4205.000 4110.000,-1205.000 610.000,-1205.000;
ADD P0 :W0.000000  4720.000,1408.720 14719.890,1408.720 14719.890,-1408.720 4720.000,-1408.720;
ADD P0 :W0.000000  18407.300,-1428.700 18407.300,1428.700 14719.890,1428.700 14719.890,-1408.720 16563.595,-1408.720 16563.595,-1428.700;
ADD P0 :W0.000000  14719.890,2156.275 14719.890,1428.700 18407.300,1428.700 18407.300,2156.275;
ADD P0 :W0.000000  18407.300,1428.700 20556.400,1428.700 20556.400,-1428.700 18407.300,-1428.700;
ADD P0 :W0.000000  15518.595,6156.275 15518.595,2156.275 17608.595,2156.275 17608.595,6156.275;
ADD P0 :W0.000000  20556.400,1100.000 42573.383,1100.000 42573.383,900.000 20793.103,900.000 20793.103,300.000 42573.383,300.000 42573.383,100.000 20793.103,100.000 20793.103,-500.000 42573.383,-500.000 42573.383,-700.000 20793.103,-700.000 20793.103,-1100.000 20556.400,-1100.000;
ADD P0 :W0.000000  52415.866,-1100.000 30398.883,-1100.000 30398.883,-900.000 52179.163,-900.000 52179.163,-300.000 30398.883,-300.000 30398.883,-100.000 52179.163,-100.000 52179.163,500.000 30398.883,500.000 30398.883,700.000 52179.163,700.000 52179.163,1100.000 52415.866,1100.000;
ADD P0 :W0.000000  15518.315,8156.275 15518.315,12313.645 17608.875,12313.645 17608.875,8156.275;
ADD P0 :W0.000000  15518.315,14404.205 17608.875,14404.205 17608.875,12313.645 15518.315,12313.645;
ADD P0 :W0.000000  17608.875,14404.205 18887.705,14404.205 18887.705,12313.645 17608.875,12313.645;
ADD P0 :W0.000000  20887.705,14404.205 21342.583,14404.205 21342.583,12313.645 20887.705,12313.645;
ADD P0 :W0.000000  17608.875,21409.775 17608.875,14404.205 15518.315,14404.205 15518.315,21409.775;
ADD P0 :W0.000000  52415.866,2016.315 58403.326,2016.315 58403.326,-2016.315 52415.866,-2016.315;
ADD P0 :W0.000000  62519.076,-174.637 62519.076,2016.315 58403.326,2016.315 58403.326,-2016.315 60461.201,-2016.315 60461.201,-174.637;
ADD P0 :W0.000000  62519.076,174.637 63573.996,174.637 63573.996,-174.637 62519.076,-174.637;
ADD P1 :W0.000000  65733.996,-2905.000 66133.996,-2905.000 66133.996,-2505.000 65733.996,-2505.000;
ADD P1 :W0.000000  66783.996,-2905.000 67183.996,-2905.000 67183.996,-2505.000 66783.996,-2505.000;
ADD P1 :W0.000000  64683.996,-2905.000 65083.996,-2905.000 65083.996,-2505.000 64683.996,-2505.000;
ADD P1 :W0.000000  64683.996,2505.000 65083.996,2505.000 65083.996,2905.000 64683.996,2905.000;
ADD P1 :W0.000000  65733.996,2505.000 66133.996,2505.000 66133.996,2905.000 65733.996,2905.000;
ADD P1 :W0.000000  64683.996,-3705.000 65083.996,-3705.000 65083.996,-3305.000 64683.996,-3305.000;
ADD P1 :W0.000000  66783.996,-3705.000 67183.996,-3705.000 67183.996,-3305.000 66783.996,-3305.000;
ADD P1 :W0.000000  66783.996,3305.000 67183.996,3305.000 67183.996,3705.000 66783.996,3705.000;
ADD P1 :W0.000000  65733.996,-3705.000 66133.996,-3705.000 66133.996,-3305.000 65733.996,-3305.000;
ADD P1 :W0.000000  66783.996,2505.000 67183.996,2505.000 67183.996,2905.000 66783.996,2905.000;
ADD P1 :W0.000000  65733.996,3305.000 66133.996,3305.000 66133.996,3705.000 65733.996,3705.000;
ADD P1 :W0.000000  66783.996,1705.000 67183.996,1705.000 67183.996,2105.000 66783.996,2105.000;
ADD P1 :W0.000000  64683.996,1705.000 65083.996,1705.000 65083.996,2105.000 64683.996,2105.000;
ADD P1 :W0.000000  64683.996,-1705.000 65083.996,-1705.000 65083.996,-2105.000 64683.996,-2105.000;
ADD P1 :W0.000000  66783.996,-1705.000 67183.996,-1705.000 67183.996,-2105.000 66783.996,-2105.000;
ADD P1 :W0.000000  64683.996,3305.000 65083.996,3305.000 65083.996,3705.000 64683.996,3705.000;
ADD P1 :W0.000000  64183.996,1205.000 67683.996,1205.000 67683.996,4205.000 64183.996,4205.000;
ADD P1 :W0.000000  67133.996,500.000 68293.996,500.000 68293.996,-500.000 67133.996,-500.000;
ADD P1 :W0.000000  63573.996,500.000 64733.996,500.000 64733.996,-500.000 63573.996,-500.000;
ADD P1 :W0.000000  64183.996,-4205.000 67683.996,-4205.000 67683.996,-1205.000 64183.996,-1205.000;
ADD P0 :W0.000000  68293.996,-1045.000 72878.066,-1045.000 72878.066,1045.000 68293.996,1045.000;
ADD P0 :W0.000000  72878.066,-4893.180 81869.706,-4893.180 81869.706,4893.180 72878.066,4893.180;
ADD P0 :W0.000000  81869.706,-405.819 81869.706,4893.180 81824.979,4893.180 81824.979,-4893.180 81847.343,-4893.180 81847.343,-405.819;
ADD P0 :W0.000000  81869.706,-405.819 82071.395,-405.819 82071.395,405.819 81869.706,405.819;
ADD P0 :W0.000000  81824.980,14262.670 81824.980,4893.180 81869.706,4893.180 81869.706,14262.670;
ADD P0 :W0.000000  80802.343,18262.670 80802.343,14262.670 82892.343,14262.670 82892.343,18262.670;
ADD P0 :W0.000000  80802.063,20353.230 82892.623,20353.230 82892.623,18262.670 80802.343,18262.670 80802.343,19307.950 80802.063,19307.950;
ADD P0 :W0.000000  82892.623,20353.230 85099.663,20353.230 85099.663,18262.670 82892.623,18262.670;
ADD P0 :W0.000000  86200.000,20345.280 97937.500,20345.280 97937.500,18254.720 86200.000,18254.720;
ADD P0 :W0.000000  80802.063,20353.230 80802.063,29545.670 82892.623,29545.670 82892.623,20353.230;
ADD P0 :W0.000000  91934.455,689.114 82071.395,689.114 82071.395,1500.752 91934.455,1500.752;
ADD P0 :W0.000000  91934.455,-405.819 82071.395,-405.819 82071.395,405.819 91934.455,405.819;
ADD P0 :W0.000000  91934.455,689.114 92505.435,689.114 92505.435,1500.752 91934.455,1500.752;
ADD P0 :W0.000000  99505.435,2139.933 92505.435,2139.933 92505.435,49.933 99505.435,49.933;
ADD P0 :W0.000000  58403.326,2216.535 58403.326,2016.315 62519.076,2016.315 62519.076,2216.535;
ADD P0 :W0.000000  61506.201,6240.855 61506.201,2216.535 59416.201,2216.535 59416.201,6240.855;
ADD P0 :W0.000000  61506.481,8240.855 61506.481,18236.145 59415.921,18236.145 59415.921,8240.855;
ADD P0 :W0.000000  61506.481,20326.705 59415.921,20326.705 59415.921,18236.145 61506.481,18236.145;
ADD P0 :W0.000000  61506.481,20326.705 61506.481,27326.715 59415.921,27326.715 59415.921,20326.705;
ADD P0 :W0.000000  59415.921,20326.705 54777.501,20326.705 54777.501,18236.145 59415.921,18236.145;
ADD P0 :W0.000000  52777.501,20326.705 41040.001,20326.705 41040.001,18236.145 52777.501,18236.145;
ADD P0 :W0.000000  -4000.000,-537.685 0.000,-537.685 0.000,537.685 -4000.000,537.685;
ADD P0 :W0.000000  -4200.000,-1828.425 -4000.000,-1828.425 -4000.000,1828.425 -4200.000,1828.425;
ADD P0 :W0.000000  -4200.000,-1828.425 -4200.000,2772.325 -6990.930,2772.325 -6990.930,-2772.325 -5595.465,-2772.325 -5595.465,-1828.425;
ADD P0 :W0.000000  -4200.000,2772.325 -4200.000,12704.095 -6990.930,12704.095 -6990.930,2772.325;
ADD P0 :W0.000000  -16547.460,-2772.325 -6990.930,-2772.325 -6990.930,2772.325 -16547.460,2772.325;
ADD P0 :W0.000000  -16774.148,-147.712 -16547.460,-147.712 -16547.460,147.712 -16774.148,147.712;
ADD P0 :W0.000000  -26963.748,352.698 -16774.148,352.698 -16774.148,648.122 -26963.748,648.122;
ADD P0 :W0.000000  -26963.748,-147.712 -16774.148,-147.712 -16774.148,147.712 -26963.748,147.712;
ADD P0 :W0.000000  -27186.564,352.698 -26963.748,352.698 -26963.748,648.122 -27186.564,648.122;
ADD P0 :W0.000000  -31590.344,-400.325 -27186.564,-400.325 -27186.564,1401.145 -31590.344,1401.145;
ADD P0 :W0.000000  -38590.344,-544.590 -31590.344,-544.590 -31590.344,1545.410 -38590.344,1545.410;
ADD P0 :W0.000000  -6640.465,16704.095 -6640.465,12704.095 -4550.465,12704.095 -4550.465,16704.095;
ADD P0 :W0.000000  -4550.185,18794.655 -6640.745,18794.655 -6640.745,16704.095 -4550.465,16704.095 -4550.465,17749.375 -4550.185,17749.375;
ADD P0 :W0.000000  -6640.745,18794.655 -15252.215,18794.655 -15252.215,16704.095 -6640.745,16704.095;
ADD P0 :W0.000000  -17252.215,18794.655 -36158.415,18794.655 -36158.415,16704.095 -17252.215,16704.095;
ADD P0 :W0.000000  -36158.415,17549.375 -36358.415,17549.375 -36358.415,17949.375 -36158.415,17949.375;
ADD P0 :W0.000000  -36258.415,17749.375 -36258.034,17758.091 -36256.896,17766.740 -36255.008,17775.257 -36252.384,17783.577 -36249.046,17791.637 -36245.018,17799.375 -36240.330,17806.733 -36235.019,17813.654 -36229.126,17820.086 -36222.694,17825.979 -36215.773,17831.290 -36208.415,17835.978 -36200.677,17840.006 -36192.617,17843.344 -36184.297,17845.968 -36175.780,17847.856 -36167.131,17848.994 -36158.415,17849.375 -36149.699,17848.994 -36141.050,17847.856 -36132.533,17845.968 -36124.213,17843.344 -36116.153,17840.006 -36108.415,17835.978 -36101.057,17831.290 -36094.136,17825.979 -36087.704,17820.086 -36081.811,17813.654 -36076.500,17806.733 -36071.812,17799.375 -36067.784,17791.637 -36064.446,17783.577 -36061.822,17775.257 -36059.934,17766.740 -36058.796,17758.091 -36058.415,17749.375 -36058.796,17740.659 -36059.934,17732.010 -36061.822,17723.493 -36064.446,17715.173 -36067.784,17707.113 -36071.812,17699.375 -36076.500,17692.017 -36081.811,17685.096 -36087.704,17678.664 -36094.136,17672.771 -36101.057,17667.460 -36108.415,17662.772 -36116.153,17658.744 -36124.213,17655.406 -36132.533,17652.782 -36141.050,17650.894 -36149.699,17649.756 -36158.415,17649.375 -36167.131,17649.756 -36175.780,17650.894 -36184.297,17652.782 -36192.617,17655.406 -36200.677,17658.744 -36208.415,17662.772 -36215.773,17667.460 -36222.694,17672.771 -36229.126,17678.664 -36235.019,17685.096 -36240.330,17692.017 -36245.018,17699.375 -36249.046,17707.113 -36252.384,17715.173 -36255.008,17723.493 -36256.896,17732.010 -36258.034,17740.659 -36258.415,17749.375;
ADD P0 :W0.000000  -4550.185,25794.655 -4550.185,18794.655 -6640.745,18794.655 -6640.745,25794.655;
ADD P0 :W0.000000  21342.583,13158.925 21542.583,13158.925 21542.583,13558.925 21342.583,13558.925;
ADD P0 :W0.000000  21442.583,13358.925 21442.202,13367.641 21441.064,13376.290 21439.176,13384.807 21436.552,13393.127 21433.214,13401.187 21429.186,13408.925 21424.498,13416.283 21419.187,13423.204 21413.294,13429.636 21406.862,13435.529 21399.941,13440.840 21392.583,13445.528 21384.845,13449.556 21376.785,13452.894 21368.465,13455.518 21359.948,13457.406 21351.299,13458.544 21342.583,13458.925 21333.867,13458.544 21325.218,13457.406 21316.701,13455.518 21308.381,13452.894 21300.321,13449.556 21292.583,13445.528 21285.225,13440.840 21278.304,13435.529 21271.872,13429.636 21265.979,13423.204 21260.668,13416.283 21255.980,13408.925 21251.952,13401.187 21248.614,13393.127 21245.990,13384.807 21244.102,13376.290 21242.964,13367.641 21242.583,13358.925 21242.964,13350.209 21244.102,13341.560 21245.990,13333.043 21248.614,13324.723 21251.952,13316.663 21255.980,13308.925 21260.668,13301.567 21265.979,13294.646 21271.872,13288.214 21278.304,13282.321 21285.225,13277.010 21292.583,13272.322 21300.321,13268.294 21308.381,13264.956 21316.701,13262.332 21325.218,13260.444 21333.867,13259.306 21342.583,13258.925 21351.299,13259.306 21359.948,13260.444 21368.465,13262.332 21376.785,13264.956 21384.845,13268.294 21392.583,13272.322 21399.941,13277.010 21406.862,13282.321 21413.294,13288.214 21419.187,13294.646 21424.498,13301.567 21429.186,13308.925 21433.214,13316.663 21436.552,13324.723 21439.176,13333.043 21441.064,13341.560 21442.202,13350.209 21442.583,13358.925;
ADD P0 :W0.000000  41040.001,19481.425 40840.001,19481.425 40840.001,19081.425 41040.001,19081.425;
ADD P0 :W0.000000  40940.001,19281.425 40940.382,19272.709 40941.520,19264.060 40943.408,19255.543 40946.032,19247.223 40949.370,19239.163 40953.398,19231.425 40958.086,19224.067 40963.397,19217.146 40969.290,19210.714 40975.722,19204.821 40982.643,19199.510 40990.001,19194.822 40997.739,19190.794 41005.799,19187.456 41014.119,19184.832 41022.636,19182.944 41031.285,19181.806 41040.001,19181.425 41048.717,19181.806 41057.366,19182.944 41065.883,19184.832 41074.203,19187.456 41082.263,19190.794 41090.001,19194.822 41097.359,19199.510 41104.280,19204.821 41110.712,19210.714 41116.605,19217.146 41121.916,19224.067 41126.604,19231.425 41130.632,19239.163 41133.970,19247.223 41136.594,19255.543 41138.482,19264.060 41139.620,19272.709 41140.001,19281.425 41139.620,19290.141 41138.482,19298.790 41136.594,19307.307 41133.970,19315.627 41130.632,19323.687 41126.604,19331.425 41121.916,19338.783 41116.605,19345.704 41110.712,19352.136 41104.280,19358.029 41097.359,19363.340 41090.001,19368.028 41082.263,19372.056 41074.203,19375.394 41065.883,19378.018 41057.366,19379.906 41048.717,19381.044 41040.001,19381.425 41031.285,19381.044 41022.636,19379.906 41014.119,19378.018 41005.799,19375.394 40997.739,19372.056 40990.001,19368.028 40982.643,19363.340 40975.722,19358.029 40969.290,19352.136 40963.397,19345.704 40958.086,19338.783 40953.398,19331.425 40949.370,19323.687 40946.032,19315.627 40943.408,19307.307 40941.520,19298.790 40940.382,19290.141 40940.001,19281.425;
ADD P0 :W0.000000  97937.500,19500.000 98137.500,19500.000 98137.500,19100.000 97937.500,19100.000;
ADD P0 :W0.000000  98037.500,19300.000 98037.119,19291.284 98035.981,19282.635 98034.093,19274.118 98031.469,19265.798 98028.131,19257.738 98024.103,19250.000 98019.415,19242.642 98014.104,19235.721 98008.211,19229.289 98001.779,19223.396 97994.858,19218.085 97987.500,19213.397 97979.762,19209.369 97971.702,19206.031 97963.382,19203.407 97954.865,19201.519 97946.216,19200.381 97937.500,19200.000 97928.784,19200.381 97920.135,19201.519 97911.618,19203.407 97903.298,19206.031 97895.238,19209.369 97887.500,19213.397 97880.142,19218.085 97873.221,19223.396 97866.789,19229.289 97860.896,19235.721 97855.585,19242.642 97850.897,19250.000 97846.869,19257.738 97843.531,19265.798 97840.907,19274.118 97839.019,19282.635 97837.881,19291.284 97837.500,19300.000 97837.881,19308.716 97839.019,19317.365 97840.907,19325.882 97843.531,19334.202 97846.869,19342.262 97850.897,19350.000 97855.585,19357.358 97860.896,19364.279 97866.789,19370.711 97873.221,19376.604 97880.142,19381.915 97887.500,19386.603 97895.238,19390.631 97903.298,19393.969 97911.618,19396.593 97920.135,19398.481 97928.784,19399.619 97937.500,19400.000 97946.216,19399.619 97954.865,19398.481 97963.382,19396.593 97971.702,19393.969 97979.762,19390.631 97987.500,19386.603 97994.858,19381.915 98001.779,19376.604 98008.211,19370.711 98014.104,19364.279 98019.415,19357.358 98024.103,19350.000 98028.131,19342.262 98031.469,19334.202 98034.093,19325.882 98035.981,19317.365 98037.119,19308.716 98037.500,19300.000;
ADD P0 :W0.000000  62551.201,8240.855 62551.201,7740.855 58371.201,7740.855 58371.201,8240.855;
ADD P0 :W0.000000  62551.201,6740.855 62551.201,6240.855 58371.201,6240.855 58371.201,6740.855;
ADD P0 :W0.000000  18653.595,6656.275 18653.595,6156.275 14473.595,6156.275 14473.595,6656.275;
ADD P0 :W0.000000  18653.595,8156.275 18653.595,7656.275 14473.595,7656.275 14473.595,8156.275;
ADD P0 :W0.000000  54777.501,18236.425 54277.501,18236.425 54277.501,20326.425 54777.501,20326.425;
ADD P0 :W0.000000  53277.501,18236.425 52777.501,18236.425 52777.501,20326.425 53277.501,20326.425;
ADD P0 :W0.000000  20887.705,12313.925 20387.705,12313.925 20387.705,14403.925 20887.705,14403.925;
ADD P0 :W0.000000  19387.705,12313.925 18887.705,12313.925 18887.705,14403.925 19387.705,14403.925;
ADD P0 :W0.000000  -15252.215,16704.375 -15752.215,16704.375 -15752.215,18794.375 -15252.215,18794.375;
ADD P0 :W0.000000  -16752.215,16704.375 -17252.215,16704.375 -17252.215,18794.375 -16752.215,18794.375;
SAVE;
