UNITS UM,1000;
EDIT proj;
ADD P0 :W0.000000  -5000.000,2986.580 0.000,2986.580 0.000,-2986.580 -5000.000,-2986.580;
ADD P0 :W0.000000  -5000.000,-2986.580 -5000.000,2986.580 -5523.499,2986.580 -5523.499,-2986.420 -5261.750,-2986.420 -5261.750,-2986.580;
ADD P0 :W0.000000  -5523.499,13740.080 -5523.499,2986.580 -5000.000,2986.580 -5000.000,13740.080;
ADD P0 :W0.000000  -4216.750,17740.080 -4216.750,13740.080 -6306.750,13740.080 -6306.750,17740.080;
ADD P0 :W0.000000  -3171.750,18240.080 -3171.750,17740.080 -7351.750,17740.080 -7351.750,18240.080;
ADD P0 :W0.000000  -3171.750,19740.080 -3171.750,19240.080 -7351.750,19240.080 -7351.750,19740.080;
ADD P0 :W0.000000  -4216.470,19740.080 -4216.470,23740.080 -6307.030,23740.080 -6307.030,19740.080;
ADD P0 :W0.000000  -6307.030,25830.640 -4216.470,25830.640 -4216.470,23740.080 -6307.030,23740.080;
ADD P0 :W0.000000  -6307.030,25830.640 -6307.030,29830.640 -4216.470,29830.640 -4216.470,25830.640;
ADD P0 :W0.000000  -4216.470,25830.640 -216.470,25830.640 -216.470,23740.080 -4216.470,23740.080;
ADD P0 :W0.000000  1783.530,22695.360 1283.530,22695.360 1283.530,26875.360 1783.530,26875.360;
ADD P0 :W0.000000  283.530,22695.360 -216.470,22695.360 -216.470,26875.360 283.530,26875.360;
ADD P0 :W0.000000  1783.530,25830.640 5783.530,25830.640 5783.530,23740.080 1783.530,23740.080;
ADD P0 :W0.000000  5783.530,24985.360 5983.530,24985.360 5983.530,24585.360 5783.530,24585.360;
ADD P0 :W0.000000  5883.530,24785.360 5883.149,24776.644 5882.011,24767.995 5880.123,24759.478 5877.499,24751.158 5874.161,24743.098 5870.133,24735.360 5865.445,24728.002 5860.134,24721.081 5854.241,24714.649 5847.809,24708.756 5840.888,24703.445 5833.530,24698.757 5825.792,24694.729 5817.732,24691.391 5809.412,24688.767 5800.895,24686.879 5792.246,24685.741 5783.530,24685.360 5774.814,24685.741 5766.165,24686.879 5757.648,24688.767 5749.328,24691.391 5741.268,24694.729 5733.530,24698.757 5726.172,24703.445 5719.251,24708.756 5712.819,24714.649 5706.926,24721.081 5701.615,24728.002 5696.927,24735.360 5692.899,24743.098 5689.561,24751.158 5686.937,24759.478 5685.049,24767.995 5683.911,24776.644 5683.530,24785.360 5683.911,24794.076 5685.049,24802.725 5686.937,24811.242 5689.561,24819.562 5692.899,24827.622 5696.927,24835.360 5701.615,24842.718 5706.926,24849.639 5712.819,24856.071 5719.251,24861.964 5726.172,24867.275 5733.530,24871.963 5741.268,24875.991 5749.328,24879.329 5757.648,24881.953 5766.165,24883.841 5774.814,24884.979 5783.530,24885.360 5792.246,24884.979 5800.895,24883.841 5809.412,24881.953 5817.732,24879.329 5825.792,24875.991 5833.530,24871.963 5840.888,24867.275 5847.809,24861.964 5854.241,24856.071 5860.134,24849.639 5865.445,24842.718 5870.133,24835.360 5874.161,24827.622 5877.499,24819.562 5880.123,24811.242 5882.011,24802.725 5883.149,24794.076 5883.530,24785.360;
ADD P0 :W0.000000  -6023.499,2986.420 -5523.499,2986.420 -5523.499,-2986.420 -6023.499,-2986.420;
ADD P0 :W0.000000  -16923.499,1900.000 -6473.499,1900.000 -6473.499,1700.000 -16673.499,1700.000 -16673.499,1100.000 -6473.499,1100.000 -6473.499,900.000 -16673.499,900.000 -16673.499,300.000 -6473.499,300.000 -6473.499,100.000 -16673.499,100.000 -16673.499,-500.000 -6473.499,-500.000 -6473.499,-700.000 -16673.499,-700.000 -16673.499,-1300.000 -6473.499,-1300.000 -6473.499,-1500.000 -16673.499,-1500.000 -16673.499,-1900.000 -16923.499,-1900.000;
ADD P0 :W0.000000  -6023.499,-1900.000 -16473.499,-1900.000 -16473.499,-1700.000 -6273.499,-1700.000 -6273.499,-1100.000 -16473.499,-1100.000 -16473.499,-900.000 -6273.499,-900.000 -6273.499,-300.000 -16473.499,-300.000 -16473.499,-100.000 -6273.499,-100.000 -6273.499,500.000 -16473.499,500.000 -16473.499,700.000 -6273.499,700.000 -6273.499,1300.000 -16473.499,1300.000 -16473.499,1500.000 -6273.499,1500.000 -6273.499,1900.000 -6023.499,1900.000;
ADD P0 :W0.000000  -17423.499,1666.985 -16923.499,1666.985 -16923.499,-1666.985 -17423.499,-1666.985;
ADD P0 :W0.000000  -17423.499,-1666.985 -17423.499,2154.155 -17639.023,2154.155 -17639.023,-2154.155 -17531.261,-2154.155 -17531.261,-1666.985;
ADD P0 :W0.000000  -22639.023,2154.155 -17639.023,2154.155 -17639.023,-2154.155 -22639.023,-2154.155;
ADD P0 :W0.000000  -17639.023,12907.655 -17639.023,2154.155 -17423.499,2154.155 -17423.499,12907.655;
ADD P0 :W0.000000  -18576.261,16907.655 -18576.261,12907.655 -16486.261,12907.655 -16486.261,16907.655;
ADD P0 :W0.000000  -15441.261,17407.655 -15441.261,16907.655 -19621.261,16907.655 -19621.261,17407.655;
ADD P0 :W0.000000  -15441.261,18907.655 -15441.261,18407.655 -19621.261,18407.655 -19621.261,18907.655;
ADD P0 :W0.000000  -18576.541,18907.655 -18576.541,22907.655 -16485.981,22907.655 -16485.981,18907.655;
ADD P0 :W0.000000  -18576.541,24998.215 -16485.981,24998.215 -16485.981,22907.655 -18576.541,22907.655;
ADD P0 :W0.000000  -16485.981,24998.215 -13485.981,24998.215 -13485.981,22907.655 -16485.981,22907.655;
ADD P0 :W0.000000  -12985.981,21862.935 -13485.981,21862.935 -13485.981,26042.935 -12985.981,26042.935;
ADD P0 :W0.000000  -11485.981,21862.935 -11985.981,21862.935 -11985.981,26042.935 -11485.981,26042.935;
ADD P0 :W0.000000  -11485.981,24998.215 -7485.981,24998.215 -7485.981,22907.655 -11485.981,22907.655;
ADD P0 :W0.000000  -7485.981,23752.935 -7285.981,23752.935 -7285.981,24152.935 -7485.981,24152.935;
ADD P0 :W0.000000  -7385.981,23952.935 -7386.362,23961.651 -7387.500,23970.300 -7389.388,23978.817 -7392.012,23987.137 -7395.350,23995.197 -7399.378,24002.935 -7404.066,24010.293 -7409.377,24017.214 -7415.270,24023.646 -7421.702,24029.539 -7428.623,24034.850 -7435.981,24039.538 -7443.719,24043.566 -7451.779,24046.904 -7460.099,24049.528 -7468.616,24051.416 -7477.265,24052.554 -7485.981,24052.935 -7494.697,24052.554 -7503.346,24051.416 -7511.863,24049.528 -7520.183,24046.904 -7528.243,24043.566 -7535.981,24039.538 -7543.339,24034.850 -7550.260,24029.539 -7556.692,24023.646 -7562.585,24017.214 -7567.896,24010.293 -7572.584,24002.935 -7576.612,23995.197 -7579.950,23987.137 -7582.574,23978.817 -7584.462,23970.300 -7585.600,23961.651 -7585.981,23952.935 -7585.600,23944.219 -7584.462,23935.570 -7582.574,23927.053 -7579.950,23918.733 -7576.612,23910.673 -7572.584,23902.935 -7567.896,23895.577 -7562.585,23888.656 -7556.692,23882.224 -7550.260,23876.331 -7543.339,23871.020 -7535.981,23866.332 -7528.243,23862.304 -7520.183,23858.966 -7511.863,23856.342 -7503.346,23854.454 -7494.697,23853.316 -7485.981,23852.935 -7477.265,23853.316 -7468.616,23854.454 -7460.099,23856.342 -7451.779,23858.966 -7443.719,23862.304 -7435.981,23866.332 -7428.623,23871.020 -7421.702,23876.331 -7415.270,23882.224 -7409.377,23888.656 -7404.066,23895.577 -7399.378,23902.935 -7395.350,23910.673 -7392.012,23918.733 -7389.388,23927.053 -7387.500,23935.570 -7386.362,23944.219 -7385.981,23952.935;
ADD P0 :W0.000000  -16485.981,28998.215 -16485.981,24998.215 -18576.541,24998.215 -18576.541,28998.215;
ADD P0 :W0.000000  -31339.023,-348.927 -27339.023,-348.927 -27339.023,348.927 -31339.023,348.927;
ADD P0 :W0.000000  -38249.973,-4998.015 -31339.023,-4998.015 -31339.023,4998.015 -38249.973,4998.015;
ADD P0 :W0.000000  -44469.365,-100.316 -38450.005,-100.316 -38450.005,100.316 -44469.365,100.316;
ADD P0 :W0.000000  -38249.973,-4998.015 -38249.973,4998.015 -38450.005,4998.015 -38450.005,-100.316 -38349.989,-100.316 -38349.989,-4998.015;
ADD P0 :W0.000000  -46478.175,-101.029 -44469.365,-101.029 -44469.365,101.029 -46478.175,101.029;
ADD P0 :W0.000000  -49032.015,301.199 -46478.175,301.199 -46478.175,503.257 -49032.015,503.257;
ADD P0 :W0.000000  -49032.015,-101.029 -46478.175,-101.029 -46478.175,101.029 -49032.015,101.029;
ADD P0 :W0.000000  -56908.235,301.199 -49032.015,301.199 -49032.015,503.257 -56908.235,503.257;
ADD P0 :W0.000000  -66907.605,-1162.282 -56908.235,-1162.282 -56908.235,1966.738 -66907.605,1966.738;
ADD P0 :W0.000000  -73907.605,-642.772 -66907.605,-642.772 -66907.605,1447.228 -73907.605,1447.228;
ADD P0 :W0.000000  -38249.973,4998.015 -38249.973,10903.515 -38450.005,10903.515 -38450.005,4998.015;
ADD P0 :W0.000000  -37304.989,11103.927 -39394.989,11103.927 -39394.989,10903.515 -38249.973,10903.515 -38249.973,11003.721 -37304.989,11003.721;
ADD P0 :W0.000000  -39394.989,11103.798 -39595.401,11103.798 -39595.401,10903.644 -39394.989,10903.644;
ADD P0 :W0.000000  -39394.989,15103.927 -39394.989,11103.927 -37304.989,11103.927 -37304.989,15103.927;
ADD P0 :W0.000000  -37304.709,17194.487 -39395.269,17194.487 -39395.269,15103.927 -37304.989,15103.927 -37304.989,16149.207 -37304.709,16149.207;
ADD P0 :W0.000000  -37304.709,24215.737 -37304.709,17194.487 -39395.269,17194.487 -39395.269,24215.737;
ADD P0 :W0.000000  -39395.269,17194.487 -46450.439,17194.487 -46450.439,15103.927 -39395.269,15103.927;
ADD P0 :W0.000000  -46450.439,14059.207 -46950.439,14059.207 -46950.439,18239.207 -46450.439,18239.207;
ADD P0 :W0.000000  -47950.439,14059.207 -48450.439,14059.207 -48450.439,18239.207 -47950.439,18239.207;
ADD P0 :W0.000000  -48450.439,17194.487 -53892.759,17194.487 -53892.759,15103.927 -48450.439,15103.927;
ADD P0 :W0.000000  -53892.759,15949.207 -54092.759,15949.207 -54092.759,16349.207 -53892.759,16349.207;
ADD P0 :W0.000000  -53992.759,16149.207 -53992.378,16157.923 -53991.240,16166.572 -53989.352,16175.089 -53986.728,16183.409 -53983.390,16191.469 -53979.362,16199.207 -53974.674,16206.565 -53969.363,16213.486 -53963.470,16219.918 -53957.038,16225.811 -53950.117,16231.122 -53942.759,16235.810 -53935.021,16239.838 -53926.961,16243.176 -53918.641,16245.800 -53910.124,16247.688 -53901.475,16248.826 -53892.759,16249.207 -53884.043,16248.826 -53875.394,16247.688 -53866.877,16245.800 -53858.557,16243.176 -53850.497,16239.838 -53842.759,16235.810 -53835.401,16231.122 -53828.480,16225.811 -53822.048,16219.918 -53816.155,16213.486 -53810.844,16206.565 -53806.156,16199.207 -53802.128,16191.469 -53798.790,16183.409 -53796.166,16175.089 -53794.278,16166.572 -53793.140,16157.923 -53792.759,16149.207 -53793.140,16140.491 -53794.278,16131.842 -53796.166,16123.325 -53798.790,16115.005 -53802.128,16106.945 -53806.156,16099.207 -53810.844,16091.849 -53816.155,16084.928 -53822.048,16078.496 -53828.480,16072.603 -53835.401,16067.292 -53842.759,16062.604 -53850.497,16058.576 -53858.557,16055.238 -53866.877,16052.614 -53875.394,16050.726 -53884.043,16049.588 -53892.759,16049.207 -53901.475,16049.588 -53910.124,16050.726 -53918.641,16052.614 -53926.961,16055.238 -53935.021,16058.576 -53942.759,16062.604 -53950.117,16067.292 -53957.038,16072.603 -53963.470,16078.496 -53969.363,16084.928 -53974.674,16091.849 -53979.362,16099.207 -53983.390,16106.945 -53986.728,16115.005 -53989.352,16123.325 -53991.240,16131.842 -53992.378,16140.491 -53992.759,16149.207;
ADD P0 :W0.000000  4700.000,-1045.000 9700.000,-1045.000 9700.000,1045.000 4700.000,1045.000;
ADD P0 :W0.000000  9700.000,-1080.190 9900.008,-1080.190 9900.008,1080.190 9700.000,1080.190;
ADD P0 :W0.000000  9900.008,-1045.000 11900.008,-1045.000 11900.008,1045.000 9900.008,1045.000;
ADD P0 :W0.000000  12696.021,-325.567 12696.021,1045.000 11900.008,1045.000 11900.008,-1045.000 12298.014,-1045.000 12298.014,-325.567;
ADD P0 :W0.000000  12696.021,-325.567 13695.908,-325.567 13695.908,325.567 12696.021,325.567;
ADD P0 :W0.000000  22551.148,525.567 13695.908,525.567 13695.908,1176.701 22551.148,1176.701;
ADD P0 :W0.000000  22551.148,-325.567 13695.908,-325.567 13695.908,325.567 22551.148,325.567;
ADD P0 :W0.000000  22551.148,525.567 23550.943,525.567 23550.943,1176.701 22551.148,1176.701;
ADD P0 :W0.000000  27550.943,1896.134 23550.943,1896.134 23550.943,-193.866 27550.943,-193.866;
ADD P0 :W0.000000  11900.008,1547.564 11900.008,1045.000 12696.021,1045.000 12696.021,1547.564;
ADD P0 :W0.000000  13343.014,5867.824 11253.014,5867.824 11253.014,1547.564 12696.021,1547.564 12696.021,3707.694 13343.014,3707.694;
ADD P0 :W0.000000  11253.014,5867.824 6733.014,5867.824 6733.014,1547.564 11253.014,1547.564;
ADD P0 :W0.000000  11253.014,9867.824 11253.014,5867.824 13343.014,5867.824 13343.014,9867.824;
ADD P0 :W0.000000  11252.734,11958.384 13343.294,11958.384 13343.294,9867.824 11253.014,9867.824 11253.014,10913.104 11252.734,10913.104;
ADD P0 :W0.000000  18343.294,13003.104 22343.294,13003.104 22343.294,8823.104 18343.294,8823.104;
ADD P0 :W0.000000  13343.294,13003.104 17343.294,13003.104 17343.294,8823.104 13343.294,8823.104;
ADD P0 :W0.000000  11252.734,11958.384 11252.734,15958.384 13343.294,15958.384 13343.294,11958.384;
ADD P0 :W0.000000  22343.294,11113.104 22543.294,11113.104 22543.294,10713.104 22343.294,10713.104;
ADD P0 :W0.000000  22443.294,10913.104 22442.913,10904.388 22441.775,10895.739 22439.887,10887.222 22437.263,10878.902 22433.925,10870.842 22429.897,10863.104 22425.209,10855.746 22419.898,10848.825 22414.005,10842.393 22407.573,10836.500 22400.652,10831.189 22393.294,10826.501 22385.556,10822.473 22377.496,10819.135 22369.176,10816.511 22360.659,10814.623 22352.010,10813.485 22343.294,10813.104 22334.578,10813.485 22325.929,10814.623 22317.412,10816.511 22309.092,10819.135 22301.032,10822.473 22293.294,10826.501 22285.936,10831.189 22279.015,10836.500 22272.583,10842.393 22266.690,10848.825 22261.379,10855.746 22256.691,10863.104 22252.663,10870.842 22249.325,10878.902 22246.701,10887.222 22244.813,10895.739 22243.675,10904.388 22243.294,10913.104 22243.675,10921.820 22244.813,10930.469 22246.701,10938.986 22249.325,10947.306 22252.663,10955.366 22256.691,10963.104 22261.379,10970.462 22266.690,10977.383 22272.583,10983.815 22279.015,10989.708 22285.936,10995.019 22293.294,10999.707 22301.032,11003.735 22309.092,11007.073 22317.412,11009.697 22325.929,11011.585 22334.578,11012.723 22343.294,11013.104 22352.010,11012.723 22360.659,11011.585 22369.176,11009.697 22377.496,11007.073 22385.556,11003.735 22393.294,10999.707 22400.652,10995.019 22407.573,10989.708 22414.005,10983.815 22419.898,10977.383 22425.209,10970.462 22429.897,10963.104 22433.925,10955.366 22437.263,10947.306 22439.887,10938.986 22441.775,10930.469 22442.913,10921.820 22443.294,10913.104;
SAVE;
