UNITS UM,1000;
EDIT proj;
ADD P0 :W0.000000  -4950.000,1750.000 5500.000,1750.000 5500.000,1550.000 -4700.000,1550.000 -4700.000,950.000 5500.000,950.000 5500.000,750.000 -4700.000,750.000 -4700.000,150.000 5500.000,150.000 5500.000,-50.000 -4700.000,-50.000 -4700.000,-650.000 5500.000,-650.000 5500.000,-850.000 -4700.000,-850.000 -4700.000,-1450.000 5500.000,-1450.000 5500.000,-1650.000 -4700.000,-1650.000 -4700.000,-2050.000 -4950.000,-2050.000;
ADD P0 :W0.000000  5950.000,-2050.000 -4500.000,-2050.000 -4500.000,-1850.000 5700.000,-1850.000 5700.000,-1250.000 -4500.000,-1250.000 -4500.000,-1050.000 5700.000,-1050.000 5700.000,-450.000 -4500.000,-450.000 -4500.000,-250.000 5700.000,-250.000 5700.000,350.000 -4500.000,350.000 -4500.000,550.000 5700.000,550.000 5700.000,1150.000 -4500.000,1150.000 -4500.000,1350.000 5700.000,1350.000 5700.000,1750.000 5950.000,1750.000;
ADD P0 :W0.000000  5950.000,567.850 15329.880,567.850 15329.880,-867.850 5950.000,-867.850;
ADD P0 :W0.000000  15529.880,-520.720 15529.880,567.850 15329.880,567.850 15329.880,-867.850 15429.880,-867.850 15429.880,-520.720;
ADD P0 :W0.000000  15529.880,220.720 15730.100,220.720 15730.100,-520.720 15529.880,-520.720;
ADD P0 :W0.000000  20450.100,-1195.000 26264.560,-1195.000 26264.560,895.000 20450.100,895.000;
ADD P0 :W0.000000  26264.560,-1399.985 36264.550,-1399.985 36264.550,1099.985 26264.560,1099.985;
ADD P0 :W0.000000  36264.550,-1195.000 46160.820,-1195.000 46160.820,895.000 36264.550,895.000;
ADD P0 :W0.000000  53950.720,-281.146 53950.720,895.000 46160.820,895.000 46160.820,-1195.000 50055.770,-1195.000 50055.770,-281.146;
ADD P0 :W0.000000  53950.720,-281.146 60373.460,-281.146 60373.460,-18.854 53950.720,-18.854;
ADD P0 :W0.000000  64569.010,182.709 60373.460,182.709 60373.460,445.001 64569.010,445.001;
ADD P0 :W0.000000  64569.010,-281.146 60373.460,-281.146 60373.460,-18.853 64569.010,-18.853;
ADD P0 :W0.000000  64569.010,182.709 70548.820,182.709 70548.820,445.001 64569.010,445.001;
ADD P0 :W0.000000  78689.130,1358.855 70548.820,1358.855 70548.820,-731.145 78689.130,-731.145;
ADD P0 :W0.000000  -5450.094,2721.740 -4950.000,2721.740 -4950.000,-3021.740 -5450.094,-3021.740;
ADD P0 :W0.000000  -5450.094,-3021.740 -5450.094,2721.740 -15422.004,2721.740 -15422.004,-1470.860 -10436.049,-1470.860 -10436.049,-3021.740;
ADD P0 :W0.000000  -21122.024,1170.860 -15422.004,1170.860 -15422.004,-1470.860 -21122.024,-1470.860;
ADD P0 :W0.000000  -15422.004,3451.100 -15422.004,2721.740 -5450.094,2721.740 -5450.094,3451.100;
ADD P0 :W0.000000  -29842.024,-374.667 -25842.024,-374.667 -25842.024,74.668 -29842.024,74.668;
ADD P0 :W0.000000  -31367.914,-1215.955 -29842.024,-1215.955 -29842.024,915.955 -31367.914,915.955;
ADD P0 :W0.000000  -31367.914,-1215.955 -31367.914,2748.715 -32164.614,2748.715 -32164.614,-3048.715 -31766.264,-3048.715 -31766.264,-1215.955;
ADD P0 :W0.000000  -35671.704,-3048.715 -32164.614,-3048.715 -32164.614,2748.715 -35671.704,2748.715;
ADD P0 :W0.000000  -40265.724,-312.750 -35671.704,-312.750 -35671.704,12.750 -40265.724,12.750;
ADD P0 :W0.000000  -48136.824,219.270 -40265.724,219.270 -40265.724,544.770 -48136.824,544.770;
ADD P0 :W0.000000  -48136.824,-312.750 -40265.724,-312.750 -40265.724,12.750 -48136.824,12.750;
ADD P0 :W0.000000  -53025.884,219.270 -48136.824,219.270 -48136.824,544.770 -53025.884,544.770;
ADD P0 :W0.000000  -54749.804,-3145.825 -53025.884,-3145.825 -53025.884,3909.865 -54749.804,3909.865;
ADD P0 :W0.000000  -61749.804,-662.980 -54749.804,-662.980 -54749.804,1427.020 -61749.804,1427.020;
ADD P0 :W0.000000  -31367.914,2748.715 -31367.914,10963.995 -32164.614,10963.995 -32164.614,2748.715;
ADD P0 :W0.000000  -32811.264,14963.995 -32811.264,10963.995 -30721.264,10963.995 -30721.264,14963.995;
ADD P0 :W0.000000  -30720.984,17054.555 -32811.544,17054.555 -32811.544,14963.995 -30721.264,14963.995 -30721.264,16009.275 -30720.984,16009.275;
ADD P0 :W0.000000  -30720.984,26441.685 -30720.984,17054.555 -32811.544,17054.555 -32811.544,26441.685;
ADD P0 :W0.000000  -32811.544,17054.555 -37864.404,17054.555 -37864.404,14963.995 -32811.544,14963.995;
ADD P0 :W0.000000  -37864.404,14964.275 -38364.404,14964.275 -38364.404,17054.275 -37864.404,17054.275;
ADD P0 :W0.000000  -39364.404,14964.275 -39864.404,14964.275 -39864.404,17054.275 -39364.404,17054.275;
ADD P0 :W0.000000  -39864.404,17054.555 -65442.104,17054.555 -65442.104,14963.995 -39864.404,14963.995;
ADD P0 :W0.000000  -11481.049,9290.430 -11481.049,3451.100 -9391.049,3451.100 -9391.049,9290.430;
ADD P0 :W0.000000  -8346.049,9790.430 -8346.049,9290.430 -12526.049,9290.430 -12526.049,9790.430;
ADD P0 :W0.000000  -8346.049,11290.430 -8346.049,10790.430 -12526.049,10790.430 -12526.049,11290.430;
ADD P0 :W0.000000  -11481.329,11290.430 -11481.329,15521.350 -9390.769,15521.350 -9390.769,11290.430;
ADD P0 :W0.000000  -11481.329,17611.910 -9390.769,17611.910 -9390.769,15521.350 -11481.329,15521.350;
ADD P0 :W0.000000  -9390.769,17611.910 -6431.819,17611.910 -6431.819,15521.350 -9390.769,15521.350;
ADD P0 :W0.000000  -9390.769,25602.430 -9390.769,17611.910 -11481.329,17611.910 -11481.329,25602.430;
ADD P0 :W0.000000  -5931.819,15521.630 -6431.819,15521.630 -6431.819,17611.630 -5931.819,17611.630;
ADD P0 :W0.000000  -4431.819,15521.630 -4931.819,15521.630 -4931.819,17611.630 -4431.819,17611.630;
ADD P0 :W0.000000  -4431.819,17611.910 -67.409,17611.910 -67.409,15521.350 -4431.819,15521.350;
ADD P0 :W0.000000  -67.409,16366.630 132.591,16366.630 132.591,16766.630 -67.409,16766.630;
ADD P0 :W0.000000  32.591,16566.630 32.210,16575.346 31.072,16583.995 29.184,16592.512 26.560,16600.832 23.222,16608.892 19.194,16616.630 14.506,16623.988 9.195,16630.909 3.302,16637.341 -3.130,16643.234 -10.051,16648.545 -17.409,16653.233 -25.147,16657.261 -33.207,16660.599 -41.527,16663.223 -50.044,16665.111 -58.693,16666.249 -67.409,16666.630 -76.125,16666.249 -84.774,16665.111 -93.291,16663.223 -101.611,16660.599 -109.671,16657.261 -117.409,16653.233 -124.767,16648.545 -131.688,16643.234 -138.120,16637.341 -144.013,16630.909 -149.324,16623.988 -154.012,16616.630 -158.040,16608.892 -161.378,16600.832 -164.002,16592.512 -165.890,16583.995 -167.028,16575.346 -167.409,16566.630 -167.028,16557.914 -165.890,16549.265 -164.002,16540.748 -161.378,16532.428 -158.040,16524.368 -154.012,16516.630 -149.324,16509.272 -144.013,16502.351 -138.120,16495.919 -131.688,16490.026 -124.767,16484.715 -117.409,16480.027 -109.671,16475.999 -101.611,16472.661 -93.291,16470.037 -84.774,16468.149 -76.125,16467.011 -67.409,16466.630 -58.693,16467.011 -50.044,16468.149 -41.527,16470.037 -33.207,16472.661 -25.147,16475.999 -17.409,16480.027 -10.051,16484.715 -3.130,16490.026 3.302,16495.919 9.195,16502.351 14.506,16509.272 19.194,16516.630 23.222,16524.368 26.560,16532.428 29.184,16540.748 31.072,16549.265 32.210,16557.914 32.591,16566.630;
ADD P0 :W0.000000  -65442.104,15809.275 -65642.104,15809.275 -65642.104,16209.275 -65442.104,16209.275;
ADD P0 :W0.000000  -65542.104,16009.275 -65541.723,16017.991 -65540.585,16026.640 -65538.697,16035.157 -65536.073,16043.477 -65532.735,16051.537 -65528.707,16059.275 -65524.019,16066.633 -65518.708,16073.554 -65512.815,16079.986 -65506.383,16085.879 -65499.462,16091.190 -65492.104,16095.878 -65484.366,16099.906 -65476.306,16103.244 -65467.986,16105.868 -65459.469,16107.756 -65450.820,16108.894 -65442.104,16109.275 -65433.388,16108.894 -65424.739,16107.756 -65416.222,16105.868 -65407.902,16103.244 -65399.842,16099.906 -65392.104,16095.878 -65384.746,16091.190 -65377.825,16085.879 -65371.393,16079.986 -65365.500,16073.554 -65360.189,16066.633 -65355.501,16059.275 -65351.473,16051.537 -65348.135,16043.477 -65345.511,16035.157 -65343.623,16026.640 -65342.485,16017.991 -65342.104,16009.275 -65342.485,16000.559 -65343.623,15991.910 -65345.511,15983.393 -65348.135,15975.073 -65351.473,15967.013 -65355.501,15959.275 -65360.189,15951.917 -65365.500,15944.996 -65371.393,15938.564 -65377.825,15932.671 -65384.746,15927.360 -65392.104,15922.672 -65399.842,15918.644 -65407.902,15915.306 -65416.222,15912.682 -65424.739,15910.794 -65433.388,15909.656 -65442.104,15909.275 -65450.820,15909.656 -65459.469,15910.794 -65467.986,15912.682 -65476.306,15915.306 -65484.366,15918.644 -65492.104,15922.672 -65499.462,15927.360 -65506.383,15932.671 -65512.815,15938.564 -65518.708,15944.996 -65524.019,15951.917 -65528.707,15959.275 -65532.735,15967.013 -65536.073,15975.073 -65538.697,15983.393 -65540.585,15991.910 -65541.723,16000.559 -65542.104,16009.275;
ADD P0 :W0.000000  15329.880,8636.760 15329.880,567.850 15529.880,567.850 15529.880,8636.760;
ADD P0 :W0.000000  16474.880,13804.360 16474.880,8636.760 14384.880,8636.760 14384.880,13804.360;
ADD P0 :W0.000000  17519.880,14304.360 17519.880,13804.360 13339.880,13804.360 13339.880,14304.360;
ADD P0 :W0.000000  17519.880,15804.360 17519.880,15304.360 13339.880,15304.360 13339.880,15804.360;
ADD P0 :W0.000000  16475.160,15804.360 16475.160,21804.390 14384.600,21804.390 14384.600,15804.360;
ADD P0 :W0.000000  16475.160,23894.950 14384.600,23894.950 14384.600,21804.390 16475.160,21804.390;
ADD P0 :W0.000000  14384.600,23894.950 9583.380,23894.950 9583.380,21804.390 14384.600,21804.390;
ADD P0 :W0.000000  9583.380,21804.670 9083.380,21804.670 9083.380,23894.670 9583.380,23894.670;
ADD P0 :W0.000000  8083.380,21804.670 7583.380,21804.670 7583.380,23894.670 8083.380,23894.670;
ADD P0 :W0.000000  7583.380,23894.950 3623.920,23894.950 3623.920,21804.390 7583.380,21804.390;
ADD P0 :W0.000000  3623.920,23049.670 3423.920,23049.670 3423.920,22649.670 3623.920,22649.670;
ADD P0 :W0.000000  3523.920,22849.670 3524.301,22840.954 3525.439,22832.305 3527.327,22823.788 3529.951,22815.468 3533.289,22807.408 3537.317,22799.670 3542.005,22792.312 3547.316,22785.391 3553.209,22778.959 3559.641,22773.066 3566.562,22767.755 3573.920,22763.067 3581.658,22759.039 3589.718,22755.701 3598.038,22753.077 3606.555,22751.189 3615.204,22750.051 3623.920,22749.670 3632.636,22750.051 3641.285,22751.189 3649.802,22753.077 3658.122,22755.701 3666.182,22759.039 3673.920,22763.067 3681.278,22767.755 3688.199,22773.066 3694.631,22778.959 3700.524,22785.391 3705.835,22792.312 3710.523,22799.670 3714.551,22807.408 3717.889,22815.468 3720.513,22823.788 3722.401,22832.305 3723.539,22840.954 3723.920,22849.670 3723.539,22858.386 3722.401,22867.035 3720.513,22875.552 3717.889,22883.872 3714.551,22891.932 3710.523,22899.670 3705.835,22907.028 3700.524,22913.949 3694.631,22920.381 3688.199,22926.274 3681.278,22931.585 3673.920,22936.273 3666.182,22940.301 3658.122,22943.639 3649.802,22946.263 3641.285,22948.151 3632.636,22949.289 3623.920,22949.670 3615.204,22949.289 3606.555,22948.151 3598.038,22946.263 3589.718,22943.639 3581.658,22940.301 3573.920,22936.273 3566.562,22931.585 3559.641,22926.274 3553.209,22920.381 3547.316,22913.949 3542.005,22907.028 3537.317,22899.670 3533.289,22891.932 3529.951,22883.872 3527.327,22875.552 3525.439,22867.035 3524.301,22858.386 3523.920,22849.670;
ADD P0 :W0.000000  16475.160,23894.950 16475.160,32931.250 14384.600,32931.250 14384.600,23894.950;
ADD P0 :W0.000000  46160.820,6344.390 46160.820,895.000 53950.720,895.000 53950.720,6344.390;
ADD P0 :W0.000000  49010.770,10344.390 49010.770,6344.390 51100.770,6344.390 51100.770,10344.390;
ADD P0 :W0.000000  49010.490,12434.950 51101.050,12434.950 51101.050,10344.390 49010.770,10344.390 49010.770,11389.670 49010.490,11389.670;
ADD P0 :W0.000000  51101.050,12434.950 53675.640,12434.950 53675.640,10344.390 51101.050,10344.390;
ADD P0 :W0.000000  54675.640,12434.950 61429.250,12434.950 61429.250,10344.390 54675.640,10344.390;
ADD P0 :W0.000000  61429.250,11589.670 61629.250,11589.670 61629.250,11189.670 61429.250,11189.670;
ADD P0 :W0.000000  61529.250,11389.670 61528.869,11380.954 61527.731,11372.305 61525.843,11363.788 61523.219,11355.468 61519.881,11347.408 61515.853,11339.670 61511.165,11332.312 61505.854,11325.391 61499.961,11318.959 61493.529,11313.066 61486.608,11307.755 61479.250,11303.067 61471.512,11299.039 61463.452,11295.701 61455.132,11293.077 61446.615,11291.189 61437.966,11290.051 61429.250,11289.670 61420.534,11290.051 61411.885,11291.189 61403.368,11293.077 61395.048,11295.701 61386.988,11299.039 61379.250,11303.067 61371.892,11307.755 61364.971,11313.066 61358.539,11318.959 61352.646,11325.391 61347.335,11332.312 61342.647,11339.670 61338.619,11347.408 61335.281,11355.468 61332.657,11363.788 61330.769,11372.305 61329.631,11380.954 61329.250,11389.670 61329.631,11398.386 61330.769,11407.035 61332.657,11415.552 61335.281,11423.872 61338.619,11431.932 61342.647,11439.670 61347.335,11447.028 61352.646,11453.949 61358.539,11460.381 61364.971,11466.274 61371.892,11471.585 61379.250,11476.273 61386.988,11480.301 61395.048,11483.639 61403.368,11486.263 61411.885,11488.151 61420.534,11489.289 61429.250,11489.670 61437.966,11489.289 61446.615,11488.151 61455.132,11486.263 61463.452,11483.639 61471.512,11480.301 61479.250,11476.273 61486.608,11471.585 61493.529,11466.274 61499.961,11460.381 61505.854,11453.949 61511.165,11447.028 61515.853,11439.670 61519.881,11431.932 61523.219,11423.872 61525.843,11415.552 61527.731,11407.035 61528.869,11398.386 61529.250,11389.670;
ADD P0 :W0.000000  49010.490,12434.950 49010.490,20779.230 51101.050,20779.230 51101.050,12434.950;
SAVE;
